1000
493
727
323
766
74
477
992
538
293
807
220
274
135
925
764
100
827
574
43
317
107
914
33
944
112
772
193
56
605
822
29
16
826
820
506
489
356
851
346
377
931
971
610
132
713
604
480
230
959
279
602
400
738
347
1
448
439
113
596
421
642
569
361
526
591
917
863
900
379
745
638
184
62
767
645
440
106
103
276
186
369
81
875
176
831
139
28
669
811
755
843
890
456
431
616
178
850
396
294
778
531
451
680
442
441
775
704
780
964
453
923
556
205
989
742
362
167
326
658
22
39
515
463
907
791
908
896
540
639
647
122
141
671
352
211
983
77
197
761
202
682
229
296
970
479
687
391
284
277
938
48
145
374
159
702
9
235
225
611
120
303
593
283
969
261
34
646
821
641
170
425
460
823
962
154
265
784
423
210
939
656
859
340
869
652
300
864
50
803
640
286
393
381
870
533
557
308
17
367
614
4
7
239
111
899
125
311
776
316
986
38
880
397
212
485
42
756
507
208
267
177
667
354
370
536
387
954
332
539
707
777
181
905
922
275
679
60
849
998
473
906
692
258
829
644
73
272
325
309
305
164
87
746
561
792
292
491
815
319
254
976
942
728
508
78
357
351
560
809
468
921
233
739
25
878
90
839
140
691
887
541
364
567
14
975
213
804
196
232
972
845
329
282
41
349
389
613
654
549
951
19
950
994
247
378
70
997
497
570
241
712
342
209
281
706
786
865
748
416
719
411
963
779
913
757
436
412
768
629
935
733
730
483
672
736
799
203
688
328
457
24
888
187
860
936
217
255
380
514
708
554
987
842
734
404
649
189
509
724
149
142
933
655
584
21
693
63
312
287
358
627
819
313
13
433
576
575
420
677
268
895
240
594
435
299
505
278
45
298
75
597
11
216
855
320
588
555
747
678
551
718
260
472
348
302
621
520
109
500
530
550
787
519
874
725
606
785
92
121
174
848
148
245
790
23
771
592
201
89
315
650
966
924
446
889
852
3
136
741
35
462
333
219
127
98
802
5
948
194
450
516
486
546
836
301
406
886
867
222
690
83
488
978
844
729
110
623
502
192
565
955
812
893
626
314
648
830
429
179
694
559
732
854
926
754
504
430
166
722
334
467
251
360
499
663
228
532
723
877
743
568 537
857 529
191 464
207 633
838 930
131 54
172 601
527 884
586 152
699 952
664 259
445 901
892 72
264 651
547 984
988 800
858 266
545 902
709 297
781 384
731 563
600 248
981 973
221 419
336 832
503 760
86 798
366 580
885 818
920 487
956 928
449 373
801 492
726 518
980 180
344 634
661 628
660 108
598 904
133 662
388 653
700 522
696 475
558 582
151 69
808 466
806 138
386 171
394 577
585 66
271 947
183 444
238 521
428 630
898 587
824 307
794 204
697 668
304 459
123 10
749 625
484 763
52 881
916 341
36 47
622 85
359 796
32 401
150 607
686 868
158 390
2 665
929 310
814 542
160 903
879 945
182 856
873 919
643 912
61 418
967 82
223 252
937 910
872 417
153 226
97 51
437 114
770 156
789 737
659 427
290 752
759 534
118 683
599 353
498 137
833 432
958 670
765 674
590 721
324 403
214 335
365 243
512 511
968 862
343 0
866 236
581 338
915 589
163 883
685 897
714 263
257 847
940 946
76 67
6 244
675 891
813 454
415 523
544 995
99 909
769 636
458 753
339 695
79 882
101 130
927 837
666 405
331 620
15 982
525 810
318 835
8 18
40 894
291 501
996 793
635 608
49 285
93 762
58 306
409 372
974 452
53 740
632 96
376 624
345 224
701 934
422 495
199 438
631 562
102 398
517 482
57 609
751 528
146 817
368 200
698 773
434 470
684 55
88 637
750 703
185 957
617 481
382 117
941 105
424 173
720 124
20 206
795 273
91 918
407 578
115 657
681 162
985 375
961 476
943 410
717 289
237 853
573 31
169 840
447 116
280 689
595 168
710 490
95 104
618 673
26 262
155 395
44 735
399 288
270 543
469 572
953 165
253 218
783 408
249 68
330 461
834 413
553 242
828 80
30 782
705 383
246 337
991 716
37 548
134 143
295 144
157 977
256 27
979 443
993 615
147 911
126 426
65 513
128 676
579 564
269 999
385 188
932 965
231 198
175 571
816 583
414 949
990 84
234 64
215 825
392 871
876 744
846 402
190 774
496 788
250 612
715 566
797 46
355 455
129 350
619 510
371 161
552 805
524 603
363 960
465 195
478 59
327 841
494 227
321 711
471 94
758 12
119 474
71 535
322 861
